LENOVO
50
12000000
5
BALOHS
1
1213132
1
BANHS
12
123123
1
FINALTEST
1
1231231
1
BITIS
12
123132
12
LENOVO
1
1212312
1
VINAMILK
24
15000000
0
TS100
24
15000000
0
MOLTEN
12
15000000
0
COCACOLA
12
123123123
12
IPHONE
112
1212412
1
SUNGMAY
12
12312312
1
SAMSUNG
12
312312312
1
BMHANOI
12
121312312
1
IPHONE
123
12312312
12
LENOVO
1
412412412
1
SAMSUNG
124
124125125
5
BALOHS
12
31231312
1
FINALTEST
12
5125152
1
MOLTEN
12
121312312
12
FINALTEST
11
141214124
11
BALOHS
1
12121
1
LENOVO
1
1424121
1
BALOHS
23
23423432
2
LENOVO
12
1421251
12
LENOVO
23
243423423
2
BALOHS
12
14212412
0
MOLTEN
12
15000000
0
AIRPOD
14
1400000
0
ALIENWARE
2
15000000
5
SAMSUNG
15
8000000
5
BANHS
12
1211221
1
LENOVO
12
151515
1
BALOHS
12
21212112
1
BALOHS
12
2123123
1
MTCASIO
12
123123123
1
ALIENWARE
12
12312312
1
BANHS
12
1211221
1
BALOHS
1
12312312
1
